
1 25 0
2 23 0
3 21 0
4 24 0
5 24 0
6 27 0
7 27 0
8 27 0
9 23 0
10 21 0
11 23 0
12 24 0
13 21 0
14 22 0
15 22 0
16 23 0
17 21 0
18 21 0
19 22 0
20 24 0
21 23 0
22 22 0
23 24 0
24 24 0
25 23 0
26 23 0
27 26 0
28 21 0
29 21 0
30 21 0
31 25 0
32 23 0
33 24 0
34 24 0
35 25 0
36 26 0
37 26 0
38 22 0
39 24 0
40 23 0
41 20 0
42 24 0
43 21 0
44 25 0
45 19 0
46 24 0
47 24 0
48 25 0
49 21 0
50 20 0
51 19 0
52 23 0
53 21 0
54 25 0
55 25 0
56 25 0
57 27 0
58 23 0
59 22 0
60 21 0
61 26 0
62 21 0
63 25 0
64 18 0
65 25 0
66 21 0
67 23 0
68 24 0
69 25 0
70 21 0
71 22 0
72 24 0
73 25 0
74 21 0
75 20 0
76 30 100
77 22 0
78 20 0
79 20 0
80 26 0
81 20 0
82 24 0
83 24 0
84 19 0
85 22 0
86 25 0
87 20 0
88 24 0
89 23 0
90 27 0
91 24 0
92 25 0
93 21 0
94 25 0
95 25 0
96 23 0
97 22 0
98 26 0
99 25 0
100 21 0
101 25 0
102 26 0
103 22 0
104 24 0
105 23 0
106 21 0
107 17 0
108 26 0
109 25 0
110 25 0
111 24 0
112 25 0
113 26 0
114 22 0
115 24 0
116 29 100
117 22 0
118 21 0
119 24 0
120 26 0
121 26 0
122 23 0
123 23 0
124 27 0
125 24 0
126 23 0
127 25 0
128 24 0
129 28 0
130 25 0
131 24 0
132 20 0
133 22 0
134 26 0
135 23 0
136 25 0
137 22 0
138 29 0
139 21 0
140 23 0
141 24 0
142 26 0
143 22 0
144 25 0
145 23 0
146 30 0
147 23 0
148 23 0
149 24 0
150 32 100
151 29 0
152 23 0
153 25 0
154 24 0
155 22 0
156 23 0
157 23 0
158 27 0
159 22 0
160 26 0
161 26 0
162 23 0
163 26 0
164 24 0
165 23 0
166 24 0
167 21 0
168 21 0
169 24 0
170 26 0
171 24 0
172 23 0
173 23 0
174 23 0
175 22 0
176 26 0
177 27 0
178 25 0
179 22 0
180 28 0
181 24 0
182 24 0
183 24 0
184 30 0
185 21 0
186 25 0
187 25 0
188 24 0
189 20 0
190 24 0
191 10 0
192 24 0
193 18 0
194 25 0
195 24 0
196 24 0
197 23 0
198 22 0
199 25 0
200 26 0
201 25 0
202 30 0
203 18 0
204 27 0
205 26 0
206 23 0
207 22 0
208 25 0
209 23 0
210 24 0
211 22 0
212 23 0
213 22 0
214 29 0
215 23 0
216 25 0
217 24 0
218 23 0
219 22 0
220 21 0
221 24 0
222 24 0
223 26 0
224 24 0
225 27 0
226 25 0
227 27 0
228 27 0
229 22 0
230 25 0
231 25 0
232 25 0
233 25 0
234 24 0
235 26 0
236 28 0
237 26 0
238 24 0
239 24 0
240 24 0
241 22 0
242 27 0
243 24 0
244 25 0
245 25 0
246 27 0
247 26 0
248 23 0
249 24 0
250 26 0
251 25 0
252 28 0
253 21 0
254 23 0
255 28 0
256 26 0
257 24 0
258 24 0
259 29 0
260 22 0
261 24 0
262 27 0
263 25 0
264 23 0
265 24 0
266 25 0
267 27 0
268 25 0
269 25 0
270 27 0
271 25 0
272 24 0
273 23 0
274 22 0
275 25 0
276 24 0
277 26 0
278 28 0
279 30 0
280 24 0
281 24 0
282 25 0
283 23 0
284 22 0
285 26 0
286 26 0
287 22 0
288 24 0
289 28 0
290 27 0
291 26 0
292 26 0
293 24 0
294 28 0
295 28 0
296 26 0
297 23 0
298 25 0
299 28 0
300 24 0
301 23 0
302 26 0
303 26 0
304 25 0
305 23 0
306 27 0
307 28 0
308 33 100
309 26 0
310 25 0
311 27 0
312 24 0
313 24 0
314 24 0
315 23 0
316 23 0
317 25 0
318 24 0
319 27 0
320 25 0
321 23 0
322 26 0
323 26 0
324 27 0
325 26 0
326 31 100
327 26 0
328 23 0
329 30 0
330 22 0
331 25 0
332 26 0
333 27 0
334 25 0
335 26 0
336 29 0
337 24 0
338 27 0
339 28 0
340 28 0
341 32 100
342 21 0
343 32 100
344 28 0
345 26 0
346 23 0
347 29 0
348 22 0
349 27 0
350 27 0
351 27 0
352 18 0
353 27 0
354 23 0
355 26 0
356 24 0
357 28 0
358 27 0
359 23 0
360 24 0
361 30 0
362 27 0
363 23 0
364 24 0
365 24 0
366 27 0
367 22 0
368 26 0
369 25 0
370 25 0
371 25 0
372 26 0
373 33 100
374 27 0
375 25 0
376 24 0
377 29 0
378 29 0
379 25 0
380 22 0
381 26 0
382 25 0
383 24 0
384 27 0
385 22 0
386 23 0
387 27 0
388 23 0
389 24 0
390 25 0
391 22 0
392 27 0
393 23 0
394 33 100
395 23 0
396 25 0
397 35 100
398 30 0
399 27 0
400 24 0
